state_1 = { 44 45 48 54 56 59 65 66 68 71 76 82 }
state_2 = { 46 47 50 51 52 53 57 }
state_3 = { 49 60 64 72 75 83 }
state_4 = { 67 70 73 79 86 87 94 98 100 }
state_5 = { 77 80 89 91 92 103 106 }
state_6 = { 88 90 95 99 105 120 131 137 150 153 }
state_7 = { 93 96 97 109 110 111 112 116 117 118 121 }
state_8 = { 102 }
state_9 = { 108 115 119 123 125 127 }
state_10 = { 114 130 132 133 134 139 147 161 172 174 176 }
state_11 = { 138 140 145 155 }
state_12 = { 148 149 154 156 157 163 164 167 170 173 175 177 179 188 191 192 198 199 210 }
state_13 = { 152 162 165 171 200 187 }
state_14 = { 166 168 169 190 193 194 202 203 204 216 220 229 233 240 241 254 263 269 288 298 }
state_15 = { 178 201 212 219 226 247 }
state_16 = { 183 205 223 248 257 276 297 303 337 }
state_17 = { 189 }
state_18 = { 196 197 206 208 211 218 222 224 232 245 246 268 }
state_19 = { 207 221 228 242 253 255 261 281 }
state_20 = { 209 213 214 225 237 239 244 260 271 280 296 306 }
state_21 = { 217 230 231 234 235 238 262 266 270 274 }
state_22 = { 243 267 272 283 312 319 359 }
state_23 = { 250 252 265 278 285 304 305 317 334 }
state_24 = { 256 314 315 324 327 338 360 363 388 400 }
state_25 = { 259 287 290 291 308 316 332 }
state_26 = { 264 273 282 286 307 322 }
state_27 = { 275 292 318 331 340 347 386 }
state_28 = { 284 295 300 302 309 321 333 336 349 365 }
state_29 = { 293 310 330 345 353 367 379 381 398 405 }
state_30 = { 294 311 320 329 348 357 371 406 408 }
state_31 = { 299 325 339 346 356 362 375 387 }
state_32 = { 323 328 355 361 370 389 390 }
state_33 = { 335 358 369 373 392 396 416 427 }
state_34 = { 341 342 350 364 368 377 378 380 397 }
state_35 = { 351 366 372 376 383 393 401 415 }
state_36 = { 374 395 403 407 426 429 450 462 477 }
state_37 = { 382 391 425 433 452 458 465 }
state_38 = { 385 402 413 423 428 440 441 444 451 473 }
state_39 = { 394 404 412 421 431 442 448 }
state_40 = { 409 419 447 449 467 491 }
state_41 = { 410 438 439 445 460 461 463 480 484 485 532 }
state_42 = { 414 430 437 455 479 496 501 510 }
state_43 = { 420 434 487 500 530 609 648 }
state_44 = { 422 436 446 457 469 472 475 489 490 }
state_45 = { 453 499 572 662 }
state_46 = { 466 471 503 567 569 }
state_47 = { 468 474 478 483 493 494 511 514 548 }
state_48 = { 470 481 529 543 }
state_49 = { 476 486 492 504 507 523 550 }
state_50 = { 482 488 498 513 521 533 534 542 558 570 }
state_51 = { 495 505 509 512 515 517 525 526 531 535 539 547 551 560 566 574 576 579 583 591 593 628 635 656 }
state_52 = { 497 527 528 541 559 563 571 575 577 580 }
state_53 = { 502 519 524 537 545 549 555 556 564 581 582 587 588 596 597 604 611 616 620 621 631 632 }
state_54 = { 506 516 518 536 540 552 }
state_55 = { 520 568 590 594 599 607 639 }
state_56 = { 538 544 584 585 586 605 606 637 644 665 677 689 699 }
state_57 = { 553 557 595 600 615 638 601 }
state_58 = { 554 578 608 625 636 642 }
state_59 = { 565 573 598 623 629 630 643 652 657 667 669 675 683 687 697 712 }
state_60 = { 589 655 671 872 }
state_61 = { 592 610 617 622 627 650 670 678 705 709 765 834 865 870 903 911 950 }
state_62 = { 603 613 619 641 651 661 672 674 682 693 694 702 713 721 722 735 }
state_63 = { 612 646 698 741 }
state_64 = { 618 624 626 654 658 659 663 684 685 686 692 703 706 710 719 729 738 739 749 750 753 757 761 763 774 779 780 783 787 791 792 794 805 814 822 }
state_65 = { 633 647 664 668 679 701 711 734 754 760 785 795 796 812 828 }
state_66 = { 634 676 716 717 }
state_67 = { 640 645 680 695 704 707 718 723 725 727 733 742 743 755 758 767 769 781 784 786 790 793 810 813 818 840 842 844 853 856 857 861 }
state_68 = { 660 666 688 720 732 746 751 752 766 775 776 }
state_69 = { 673 690 696 700 708 728 744 772 789 798 846 }
state_70 = { 714 756 762 771 819 827 860 883 896 897 924 }
state_71 = { 715 726 731 740 747 759 768 770 777 782 797 801 802 809 821 826 829 833 837 845 849 850 854 862 868 875 882 885 887 905 912 }
state_72 = { 730 928 957 }
state_73 = { 788 803 824 830 836 841 843 851 858 863 864 869 871 878 879 880 888 889 894 900 901 907 919 920 923 933 937 940 943 946 951 962 967 975 1002 }
state_74 = { 804 839 859 1014 }
state_75 = { 807 808 817 823 825 835 855 866 873 890 893 909 }
state_76 = { 831 852 898 916 944 952 979 981 1018 1021 1022 1026 1029 1059 1060 1072 1085 1089 1099 1107 1109 1111 1114 1118 1129 1134 1138 }
state_77 = { 874 876 892 902 915 922 927 934 948 956 971 1010 }
state_78 = { 881 886 891 899 908 918 925 930 935 939 942 955 959 964 978 982 988 993 1016 }
state_79 = { 906 910 914 947 954 987 989 1008 1012 1042 }
state_80 = { 913 992 1011 1013 1034 1038 1040 1043 1049 1050 1055 1062 1094 1096 1131 }
state_81 = { 921 931 932 936 949 958 960 961 965 966 974 985 986 991 994 996 997 998 1003 1005 1020 1032 }
state_82 = { 926 972 983 1000 1048 }
state_83 = { 953 973 976 1004 1015 1039 1051 1058 1095 1105 }
state_84 = { 969 1009 1017 1031 1035 1041 1045 1054 1064 1066 1069 1075 1077 1093 1098 1102 1104 1117 1120 1132 }
state_85 = { 999 }
state_86 = { 1019 1028 1037 1046 1078 }
state_87 = { 1033 1044 1047 1053 1057 1068 1071 1080 1083 }
state_88 = { 1056 1076 1086 1103 1121 1139 1142 1151 1163 }
state_89 = { 1063 1073 1079 1091 1092 1097 1100 1110 1127 1137 1147 1152 }
state_90 = { 1074 1101 1124 1128 1133 1144 1168 }
state_91 = { 1081 1106 }
state_92 = { 1113 1130 1135 1136 1146 1156 1159 1160 1169 1175 1177 1178 1193 1194 }
state_93 = { 1115 }
state_94 = { 1119 1141 1154 1162 1167 1179 1188 1191 1195 1198 1202 1221 1222 }
state_95 = { 1150 1157 1164 1171 1181 1184 1185 1190 1217 1228 1243 1282 1293 1300 1313 1327 1351 1379 1421 1455 }
state_96 = { 1161 1173 1232 1246 1264 1270 1274 1283 }
state_97 = { 1172 1199 1219 1285 1290 1319 }
state_98 = { 1182 1200 1203 1226 1235 1252 1260 }
state_99 = { 1186 1187 1208 1209 1213 1216 1229 }
state_100 = { 1196 1210 1212 1220 1242 1268 1294 1296 1330 1333 }
state_101 = { 1197 1205 1214 1237 1239 1241 1258 1273 1276 1295 1315 1321 }
state_102 = { 1201 1231 1240 1244 1245 1250 1257 1269 1289 1307 }
state_103 = { 1233 1234 1247 1251 1254 1255 1279 1280 1284 1314 1318 1348 1402 }
state_104 = { 1249 1261 1265 1267 1271 1287 1292 1303 1305 1316 1350 }
state_105 = { 1253 1302 1306 1340 1361 1386 }
state_106 = { 1291 1299 1322 1329 1332 1343 }
state_107 = { 1297 1298 1309 1317 1339 1344 1357 1372 1373 1393 }
state_108 = { 1308 1310 1325 1335 1336 1346 1352 1353 1395 1401 1427 1447 1456 1487 1495 1497 1545 1553 1556 }
state_109 = { 1320 1376 1381 1394 1400 1422 1432 1473 1482 1511 1527 1550 1576 1579 1615 1644 1661 1662 1693 1702 1720 1755 1775 1787 1828 1832 1945 }
state_110 = { 1324 1326 1334 1341 1362 1363 1366 1383 1387 1392 1408 1409 1416 1423 1450 1458 1465 1471 1499 1500 1507 1509 }
state_111 = { 1328 1337 1354 1365 1368 1404 1407 1433 1441 1461 1477 1491 1520 1535 1577 }
state_112 = { 1338 1367 1384 1390 1396 1405 1413 1424 1429 1457 1478 1506 1512 1531 }
state_113 = { 1345 1377 1445 1489 1503 1537 1580 }
state_114 = { 1347 1358 1360 1364 1369 1375 1380 1385 1388 1391 1397 1398 1410 1415 1425 1430 1437 1438 1451 1452 1466 1479 1484 1490 1508 1517 1547 1555 1568 }
state_115 = { 1349 1371 1374 1382 1389 1403 1446 1453 1469 1474 1476 1513 1519 }
state_116 = { 1399 1412 1417 1431 1443 1449 1463 1467 1480 1492 1498 1505 1510 1518 1524 1530 1534 1538 1559 1560 1575 1585 1596 1614 1649 1650 }
state_117 = { 1419 1426 1428 1436 1470 1472 1483 1485 1486 1501 1526 1529 1542 1552 1569 1582 1609 1640 }
state_118 = { 1434 1435 1462 1488 1521 }
state_119 = { 1448 1475 1481 1539 1842 }
state_120 = { 1454 1459 1460 1464 1496 1516 1525 1528 1532 1567 1571 1603 1658 }
state_121 = { 1493 1494 1599 1610 1686 1754 1798 1900 }
state_122 = { 1504 1522 1574 1589 1627 1656 1677 1695 }
state_123 = { 1514 1536 1546 1549 1570 1572 1602 1634 1637 1690 1697 1730 1735 }
state_124 = { 1515 1586 1601 1660 1680 1719 1749 1764 }
state_125 = { 1523 1543 1578 1590 1595 1605 1628 1758 1772 1841 1852 1876 }
state_126 = { 1533 1544 1564 1565 1581 1584 1592 1593 1594 1619 1630 1636 1654 1666 1679 1696 1709 }
state_127 = { 1562 1566 1606 1617 1620 1625 1629 1639 1642 1643 1647 1648 1665 1668 1669 1688 1713 1714 1731 1743 }
state_128 = { 1573 1583 1587 1616 1633 1645 1646 1687 1694 1721 1776 }
state_129 = { 1591 1604 1611 1618 1623 1631 1664 1683 1699 1700 1708 1722 1747 1779 }
state_130 = { 1597 1598 1600 1607 1622 1624 1626 1655 1667 1673 1674 1675 1684 1691 1710 1718 1725 1727 1736 1766 1770 1780 1785 1788 1802 1803 1814 1823 1838 1848 1862 1882 1886 1890 1891 1905 1955 1960 }
state_131 = { 1608 1612 1681 1685 1692 1701 1741 1763 1789 1796 1821 1827 1855 1883 }
state_132 = { 1613 1621 1651 1657 1678 1682 1723 1724 1732 1751 1773 1791 1793 }
state_133 = { 1635 1652 1653 1672 1689 1704 1716 1726 1746 1753 1756 1759 1762 1769 1794 1795 1799 1809 1819 1820 1826 1845 1846 1850 1860 1863 1865 1870 1916 }
state_134 = { 1638 1641 1712 1737 1750 1767 1840 1892 1966 2082 2090 }
state_135 = { 1703 1706 1734 1745 1752 1782 1797 1807 1813 1853 1857 1873 1884 1908 1909 1932 1940 1950 }
state_136 = { 1705 1801 1877 1888 1901 1913 1925 1934 1943 1977 1981 1991 2003 2021 2034 2037 }
state_137 = { 1717 1739 1765 1774 1783 1792 1825 1831 1834 1880 }
state_138 = { 1729 1738 1761 1768 1781 1810 1817 1818 1824 1837 1869 1872 1889 1895 1897 1914 1923 1939 1968 1980 1986 }
state_139 = { 1733 1786 1790 1815 1829 1835 1839 1867 1910 1917 1957 1976 1984 2001 2048 2049 2146 }
state_140 = { 1740 1742 1777 1804 1805 1849 1859 1868 1906 1930 }
state_141 = { 1748 1757 1760 1784 1800 1822 1854 1858 1864 1866 1881 1885 1899 1937 1942 1954 1963 1965 1972 1998 2014 2022 2030 2033 2039 2068 2077 2081 2104 2115 2131 }
state_142 = { 1778 1806 1816 1833 1871 1874 1894 1903 1907 1931 1935 1946 1947 1971 1975 1995 2016 2041 2042 2091 2112 2167 2267 }
state_143 = { 1811 1830 1847 1851 1861 1898 1922 1951 1959 2013 }
state_144 = { 1836 1856 1927 1928 1970 1973 1994 2011 2025 2031 2046 2064 2075 2087 2100 2111 2118 2133 2147 2166 2187 2193 2224 2235 2263 }
state_145 = { 1843 1875 1911 1918 1974 2006 2020 2036 2040 2071 2096 2101 2136 2174 2207 }
state_146 = { 1844 2009 2027 2103 2107 }
state_147 = { 1878 1896 1941 1987 2029 2050 2058 2080 2086 2143 2168 2172 2247 }
state_148 = { 1887 1919 1920 1938 1949 1956 1961 1990 1993 2000 2015 2018 2019 2028 2035 2044 2055 2062 2063 2066 2078 2088 2089 2094 2105 2106 2117 2126 2127 2128 2139 2144 2159 2184 2210 2213 2216 2226 2227 2245 }
state_149 = { 1893 1924 2076 2225 2281 }
state_150 = { 1904 1921 1948 1962 1992 1997 2004 2032 2051 2085 2098 2099 2113 2125 2158 2189 }
state_151 = { 1912 1967 1999 2002 2008 2012 2024 2056 2072 2084 2108 2119 2137 2165 2175 2176 2188 2191 2208 2256 2280 }
state_152 = { 1926 1964 1983 2052 2059 2067 2123 2145 2199 }
state_153 = { 1936 1969 2005 2043 2109 2110 2122 2129 2151 }
state_154 = { 1953 1979 }
state_155 = { 1978 2026 2038 2053 2060 2073 2097 2152 2156 2157 2171 2268 2338 }
state_156 = { 1982 2045 2054 2065 2079 2102 2141 2142 2162 2163 2200 2241 2265 2282 2316 }
state_157 = { 1988 }
state_158 = { 2023 }
state_159 = { 2057 2069 2093 2114 }
state_160 = { 2070 2161 2181 2186 2218 2239 2255 2303 }
state_161 = { 2092 }
state_162 = { 2124 2149 2150 2195 }
state_163 = { 2130 }
state_164 = { 2132 2170 2173 2205 2237 2240 2293 2349 2351 2371 2395 2432 2438 }
state_165 = { 2134 2155 2190 2202 2243 2248 2273 2315 2321 2364 2375 2419 2425 2437 2482 }
state_166 = { 2135 2197 2204 2219 2249 2261 2306 2314 2319 2348 2376 }
state_167 = { 2138 2153 2177 2182 2183 2209 2215 2221 2234 2251 2259 2269 2286 }
state_168 = { 2140 2290 }
state_169 = { 2154 2164 2169 2178 2179 2180 2192 2196 2222 2223 2230 2260 2262 2270 2284 2287 2289 2295 2297 2302 2329 }
state_170 = { 2185 2206 2214 2244 2253 2271 2272 2294 2320 2323 2336 2342 2369 2370 2393 2398 2401 2410 2420 2421 2428 2442 2443 2450 2458 2489 2493 2541 }
state_171 = { 2198 }
state_172 = { 2201 2229 2238 2242 2250 2254 2257 2266 2276 2277 2283 2310 2317 2328 2332 2345 2347 2384 }
state_173 = { 2232 2264 2296 2308 2309 2331 2368 2372 2381 2396 2426 2439 2470 2506 }
state_174 = { 2233 2246 2275 2279 2301 2357 2397 2413 2454 2464 2472 2487 2520 2525 2537 2568 2576 }
state_175 = { 2236 2307 2337 2350 2380 2412 2427 2478 2491 2538 2601 }
state_176 = { 2252 2299 2343 2418 2434 2496 }
state_177 = { 2258 2278 2292 2318 2341 2367 2386 2392 2394 2423 }
state_178 = { 2285 2312 2324 2325 2340 2346 2353 2382 2383 2387 2391 2414 2429 2461 }
state_179 = { 2288 2298 2330 2334 2335 2355 2360 2366 2379 2385 2389 2403 2407 2417 2422 }
state_180 = { 2304 2344 2408 2468 }
state_181 = { 2311 2322 2356 2378 }
state_182 = { 2313 2326 2327 2333 2339 2359 2362 2363 2373 2404 2411 2415 2424 }
state_183 = { 2361 2365 2431 2492 2530 2569 2643 2645 2647 2692 }
state_184 = { 2377 2416 2430 2456 2488 2502 }
state_185 = { 2388 2399 2405 2441 2445 2465 2471 2508 2543 2564 2606 }
state_186 = { 2406 2449 2452 2455 2474 2494 2514 2531 2539 2550 2574 2603 2604 2628 2644 }
state_187 = { 2409 2480 2507 2572 2600 2727 }
state_188 = { 2436 2469 2495 2516 2558 2563 2575 2595 2623 2638 }
state_189 = { 2444 2446 2486 2505 2519 2536 2581 2608 2612 2631 2649 2672 2693 2694 }
state_190 = { 2447 2462 2483 2485 2499 2510 2513 2518 2521 2526 2529 2533 2542 2546 2566 2567 2570 2571 2579 2583 2587 2607 2609 2618 2620 2621 2633 2634 2652 2653 2661 2684 2689 }
state_191 = { 2448 2463 2477 2497 2512 2523 2532 2559 2565 2593 2615 2625 2646 2669 2677 2695 2700 2713 2756 2760 }
state_192 = { 2451 2509 2517 2557 2562 2591 2640 2641 2650 2670 2675 2680 2723 2726 2770 2797 2805 2815 2822 2833 2858 }
state_193 = { 2453 2457 2466 2476 2479 2498 2500 2501 2503 2524 2534 2535 2544 2552 2554 2555 2573 2577 2584 2585 2598 2605 2622 2637 2654 2663 2682 }
state_194 = { 2475 2511 2527 2553 2582 2588 2619 2632 2664 }
state_195 = { 2481 }
state_196 = { 2484 2548 2556 2560 2561 2578 2590 2602 2611 2624 2629 2630 2636 2674 2679 2681 2696 2703 2705 2724 2739 2763 }
state_197 = { 2490 2586 2697 2911 }
state_198 = { 2549 2551 2589 2592 2610 2642 2651 2685 2690 }
state_199 = { 2597 2657 2658 2666 2704 2721 2725 2753 }
state_200 = { 2599 2613 2617 2673 2686 2701 2712 2718 2722 2745 2761 2765 2771 2778 2783 2784 2785 2792 2821 2823 2832 2835 2842 2849 2852 2860 2876 2877 2902 2928 2936 }
state_201 = { 2626 2648 2662 2719 2720 2738 2748 }
state_202 = { 2639 2709 2793 2861 2901 2903 2948 }
state_203 = { 2655 2671 2678 2699 2702 2714 2741 2746 2750 2759 2774 2788 2801 2826 2829 2837 2843 2862 2882 2895 }
state_204 = { 2665 2698 2707 2728 2734 2740 2743 2762 2776 2780 2802 2830 }
state_205 = { 2688 2706 2710 2716 2730 2735 2736 2758 2772 2786 2807 2813 2824 2827 2845 2868 2885 2906 }
state_206 = { 2691 2744 2781 }
state_207 = { 2711 2715 2729 2731 2742 2751 2766 2767 }
state_208 = { 2717 2737 2749 2754 2787 2800 2814 2816 2846 2851 2890 2898 2919 2926 2946 2978 }
state_209 = { 2732 2747 2779 2790 2808 2839 2871 }
state_210 = { 2757 2764 2768 2782 2795 2809 2812 2818 2854 2863 2866 2867 2872 2889 2893 2909 }
state_211 = { 2789 2791 2811 2825 2831 2834 2841 2857 2864 2870 2899 2912 2931 }
state_212 = { 2794 2796 2799 2806 2820 2838 2847 2855 2856 2869 2875 2881 2883 2886 2894 2900 2907 2910 2924 2944 }
state_213 = { 2798 2803 2804 2819 2828 2840 2848 2888 }
state_214 = { 2836 2850 2929 2933 2972 3016 3020 3067 3086 3099 3104 3134 }
state_215 = { 2853 2865 2887 2892 2908 2915 2949 2969 }
state_216 = { 2874 2922 2938 2962 }
state_217 = { 2879 2905 2953 2985 2986 2996 3001 3011 3018 3030 3053 }
state_218 = { 2884 2897 2923 2956 2966 2971 }
state_219 = { 2891 2904 2930 2937 2947 2980 2981 2992 3008 3034 3037 3038 3070 3083 3084 3091 3113 3133 }
state_220 = { 2914 2918 2940 2943 2945 2951 2957 2958 2964 2977 2987 2990 2999 3002 3004 3006 3013 3027 3031 3032 3046 }
state_221 = { 2927 2932 2935 2939 2952 2974 2998 3000 3003 3009 3019 3021 3023 3044 3050 }
state_222 = { 2934 2955 2961 2963 2968 2976 2979 2982 2983 2984 2994 2995 3007 3015 3024 3025 3029 3035 3036 3051 3052 3060 3061 3079 3080 3093 }
state_223 = { 2950 2954 2967 2988 3014 3028 3041 3054 3065 3071 3074 3077 3092 3097 3100 3103 3111 3112 3119 3125 3132 3136 3138 3149 3163 }
state_224 = { 2970 2975 3045 3062 3063 3064 3078 3106 3108 3115 }
state_225 = { 2973 2993 3012 3033 3039 3058 3059 3066 3088 3095 3096 3101 3102 3107 3120 3121 3135 3143 3171 }
state_226 = { 3005 3017 3040 3042 3047 3069 3072 3094 }
state_227 = { 3055 3068 3073 3085 3087 3090 3117 3123 3128 3147 3154 }
state_228 = { 3098 3109 3110 3114 3126 3155 3160 3188 3189 3190 3210 3215 3261 3269 3306 }
state_229 = { 3124 3139 3140 3151 3152 3159 3162 3164 3169 3178 3181 3191 3202 3208 }
state_230 = { 3129 3141 3146 3153 3167 3176 3186 3194 3203 3217 3233 3248 3250 3259 3278 }
state_231 = { 3130 3137 3172 3201 3206 3265 }
state_232 = { 3144 3145 3165 3168 3187 3200 3205 3218 3219 3237 }
state_233 = { 3148 3156 3157 3193 3197 3199 3209 3226 3228 3236 3272 3274 3291 3292 3295 3326 3342 }
state_234 = { 3150 3158 3161 3166 3175 3177 3182 3185 3195 3196 3214 3221 3222 3223 3224 3231 3240 3241 3254 3271 3282 3284 3287 3296 3314 3317 3327 3331 3336 }
state_235 = { 3184 3198 }
state_236 = { 3192 3213 3220 3225 3238 3239 3247 3262 3280 3286 3297 3299 3325 3344 3346 3352 }
state_237 = { 3207 3232 3245 3255 3351 3367 }
state_238 = { 3216 3227 3234 3246 3249 3252 3270 3276 3279 3288 3294 3305 3311 3315 3319 3324 3328 3329 3332 3340 3343 3349 }
state_239 = { 3230 3244 3253 3257 3260 3273 3301 }
state_240 = { 3235 3258 3283 3302 3308 3320 3321 3333 3358 3359 3394 3426 }
state_241 = { 3243 3251 3266 3275 3310 3323 3337 3354 3356 3389 3391 3398 3404 3406 3416 3419 3425 3459 3460 3469 3480 3500 3505 3519 3530 3531 3538 3553 }
state_242 = { 3256 3263 3264 3289 3290 3293 3300 3307 3312 3318 3334 3335 3341 3345 3357 3377 3378 3403 3418 3439 3448 3449 3462 }
state_243 = { 3281 3298 3303 3313 3316 3330 3355 3369 3382 3387 3388 3390 3400 3438 3464 }
state_244 = { 3339 3353 3362 3363 3375 3393 3411 3422 3452 3453 3454 3458 3478 3481 3486 3495 3504 3548 }
state_245 = { 3350 3396 3409 3412 3428 3433 3456 3465 3468 3479 3487 3496 3497 3503 3506 3526 3528 3537 3541 3555 3556 3558 3561 3565 3573 }
state_246 = { 3360 3364 3372 3386 3392 3395 3410 3417 3420 3424 3434 3447 }
state_247 = { 3361 3366 3371 3373 3374 3376 3379 3383 3385 3397 3399 3402 3405 3407 3413 3415 3423 3427 3429 3431 3436 3441 3445 3450 3457 3461 3467 3472 3474 3483 3484 3488 3489 3501 3507 }
state_248 = { 3401 3408 3430 3440 3443 3471 3476 3490 3499 3511 3518 3524 3527 3532 3557 }
state_249 = { 3435 3455 3477 3502 3516 3540 3543 3550 3551 3567 3580 3584 3585 3596 3606 3619 }
state_250 = { 3473 3475 3482 3485 3509 3510 3515 3521 }
state_251 = { 3491 3498 3508 3514 3523 3533 3560 3612 3615 3634 3636 3644 3659 3665 3707 3715 3728 3740 3741 3758 3769 3770 3773 3774 3776 3777 3781 3786 3787 3789 3793 }
state_252 = { 3513 3520 3529 3534 3535 3536 3539 3544 3545 3546 3547 3549 3552 3562 3564 3566 3568 3570 3571 3576 3578 3579 3581 3588 3589 3595 3599 3601 3604 3607 3614 3617 3635 }
state_253 = { 3563 3575 3582 3597 3600 3616 3618 3622 3626 3631 3633 3639 3651 3657 3678 3683 3686 3699 3709 3712 3726 3730 3736 3751 }
state_254 = { 3572 3577 3591 3605 3610 3624 3628 3632 3643 3645 3655 3673 3676 3677 3679 3690 3694 3704 3708 }
state_255 = { 3586 3587 3590 3593 3602 3608 3611 3620 3625 3629 3637 3649 3653 3656 3658 3682 3695 3697 3723 3724 3739 3750 3753 3756 3784 }
state_256 = { 3609 3621 3623 3627 3630 3638 3640 3641 3646 3647 3648 3652 3654 3661 3663 3669 3671 3672 3674 3675 3689 3692 3693 3696 3698 3700 3701 3705 3710 3711 3718 3725 3731 3738 3742 3744 3745 3755 3759 3760 3761 3765 3771 3778 3783 3797 }
state_257 = { 3650 3662 3664 3680 3688 3691 3706 3714 3716 3717 3720 3732 3734 3735 3747 3754 3757 3762 3763 3768 3775 3779 3780 3785 3790 3795 3798 3799 }
state_258 = { 3748 3749 3752 }
state_259 = { 3809 3810 3811 3812 3813 3815 3816 }
